100
0 1134 421 359 521 626 698 55 498 547 588 324 232 278 129 758 735 87 834 516 256 551 1050 759 824 512 655 803 913 445 878 390 519 657 957 501 817 798 846 767 600 734 791 866 786 752 546 377 259 748 240 694 591 824 866 746 573 969 814 21 565 93 159 370 315 837 182 213 102 840 130 784 756 525 281 874 821 478 585 374 402 287 244 929 294 172 172 925 1149 219 311 668 864 693 795 886 166 766 543 820
1134 0 807 953 759 603 752 1099 1007 758 641 1073 928 1088 1047 378 924 1207 730 915 997 824 87 872 870 967 763 611 371 952 273 970 799 725 317 642 640 890 541 725 817 809 842 341 354 759 600 1005 965 763 1014 471 599 827 645 736 560 307 497 1118 715 1158 1025 765 948 352 987 1123 1038 972 1208 953 788 929 981 368 538 914 646 932 865 1011 1045 237 1049 1022 1145 251 108 994 862 793 533 487 509 529 1018 414 643 414
421 807 0 147 517 222 695 416 256 129 493 266 192 282 297 439 382 463 421 191 201 601 733 815 869 230 247 382 709 596 534 172 114 638 732 326 396 425 724 745 643 760 827 635 511 345 227 577 176 342 472 479 208 431 795 334 316 581 403 415 532 400 267 246 475 467 238 543 366 491 541 436 355 210 180 486 404 162 177 516 483 206 503 576 242 257 360 566 794 431 362 269 446 322 383 758 259 397 164 621
359 953 147 0 608 359 795 373 161 224 607 120 184 144 230 586 377 376 487 157 102 682 880 903 962 160 311 482 850 647 679 42 186 740 875 447 488 438 851 851 729 855 921 777 656 403 372 611 106 399 485 617 353 467 914 401 455 717 527 361 632 309 202 338 512 609 193 529 340 483 489 427 402 167 78 623 519 118 313 564 546 80 510 721 103 188 247 710 937 444 417 317 558 466 508 887 196 541 310 759
521 759 517 608 0 548 189 467 760 608 118 680 445 659 513 462 887 608 852 708 564 92 672 298 353 743 717 751 442 193 579 649 617 139 496 225 782 916 334 253 127 246 312 427 420 801 390 251 532 799 308 294 489 900 345 780 314 732 684 499 50 592 511 273 226 597 481 409 421 992 532 941 821 727 568 661 720 676 539 186 128 603 328 631 640 520 632 637 815 309 218 750 760 513 671 374 508 548 471 360
626 603 222 359 548 0 691 611 406 156 477 479 394 501 510 267 390 679 304 314 423 640 537 826 868 366 202 208 583 685 331 371 196 634 590 322 237 394 647 722 672 762 826 499 361 263 157 691 397 262 619 383 58 363 739 239 247 359 187 617 542 618 482 336 594 253 449 709 554 479 736 437 287 330 402 264 200 311 45 618 566 427 652 367 460 474 582 355 579 581 475 239 244 121 168 673 474 188 91 509
698 752 695 795 189 691 0 643 944 774 214 870 635 849 701 539 1054 785 994 887 753 150 672 140 177 924 876 882 389 290 635 836 788 57 447 379 916 1075 231 70 106 72 135 412 465 952 536 369 721 951 468 352 633 1052 185 930 444 801 798 676 163 775 700 457 387 679 671 556 602 1156 690 1106 975 906 758 747 839 857 691 332 295 792 481 682 830 709 819 693 829 480 406 911 875 630 788 262 697 646 625 339
55 1099 416 373 467 611 643 0 521 545 539 355 223 311 145 726 750 141 835 530 273 496 1013 703 769 531 657 796 867 390 847 408 521 603 912 461 812 810 795 713 545 678 735 822 748 755 519 323 269 752 185 651 571 832 812 747 538 946 799 33 513 144 171 333 259 812 184 169 61 857 125 800 761 541 296 851 809 491 572 319 348 308 190 899 322 186 217 896 1118 164 261 673 853 670 780 835 176 741 525 774
498 1007 256 161 760 406 944 521 0 249 747 183 346 230 376 665 253 495 420 92 250 838 943 1058 1114 42 271 458 958 809 738 119 210 888 976 581 452 324 980 997 884 1006 1073 880 749 338 473 773 265 333 646 731 423 371 1051 346 568 739 536 504 780 430 351 487 674 655 350 683 495 348 628 294 326 80 230 651 514 99 366 725 706 213 670 770 205 336 353 757 975 605 577 258 544 526 519 1014 347 594 392 872
547 758 129 224 608 156 774 545 249 0 563 339 321 369 420 419 279 583 291 158 309 697 693 902 951 210 119 260 724 709 488 226 41 717 736 394 271 309 768 816 735 843 909 643 507 216 251 697 292 213 599 508 180 307 851 204 351 500 304 543 614 518 390 350 595 407 364 672 496 384 669 333 228 174 285 409 294 156 118 632 592 301 630 522 328 379 467 509 730 558 479 146 334 277 286 798 382 344 160 644
588 641 493 607 118 477 214 539 747 563 0 695 467 682 556 352 842 675 780 683 581 196 554 350 391 724 662 671 336 311 465 645 579 157 388 169 704 862 261 253 209 285 349 312 303 738 322 365 547 737 401 177 419 838 307 715 230 622 593 568 80 648 548 272 324 491 514 508 485 943 620 894 761 702 581 556 632 655 477 295 230 616 426 517 656 554 675 524 697 393 277 698 669 422 581 300 543 447 411 249
324 1073 266 120 680 479 870 355 183 339 695 0 235 47 214 705 434 313 580 232 116 745 999 968 1029 208 411 591 958 689 799 114 299 817 986 545 593 504 948 930 794 925 989 888 771 495 487 641 149 491 504 724 473 545 1002 497 564 836 644 333 710 249 196 423 548 730 210 523 342 532 453 477 490 234 114 742 633 204 433 605 601 78 524 841 40 182 170 830 1057 466 473 410 670 587 625 985 195 661 430 866
232 928 192 184 445 394 635 223 346 321 467 235 0 215 120 549 546 287 613 328 118 511 846 733 794 343 436 573 755 464 663 226 300 583 790 332 588 599 725 697 560 690 754 694 594 534 328 427 88 531 302 523 361 615 772 525 377 742 581 224 477 231 97 199 328 614 59 357 174 655 348 598 542 343 125 646 588 289 353 381 368 158 329 712 194 96 223 705 933 260 239 454 632 467 562 764 90 542 313 661
278 1088 282 144 659 501 849 311 230 369 682 47 215 0 174 715 481 265 620 275 101 720 1012 942 1004 254 449 625 956 656 815 150 330 798 987 538 629 550 938 911 770 901 965 890 777 536 494 605 136 531 467 722 490 589 987 537 566 860 672 288 692 201 160 411 516 749 180 480 302 579 406 524 532 278 109 765 664 244 455 574 573 76 485 858 40 147 122 849 1077 430 447 450 702 604 653 975 160 679 445 863
129 1047 297 230 513 510 701 145 376 420 556 214 120 174 0 669 608 168 705 387 128 563 965 783 846 386 526 678 861 486 783 264 391 653 899 438 691 669 817 766 613 747 809 804 710 623 449 432 130 619 293 632 480 695 853 617 493 861 696 130 551 111 29 302 346 734 61 309 127 713 258 657 626 398 152 765 700 349 467 405 413 163 310 832 178 43 119 826 1053 257 295 539 743 588 677 856 37 662 432 767
758 378 439 586 462 267 539 726 665 419 352 705 549 715 669 0 648 830 512 576 621 548 298 679 704 628 463 385 325 645 124 609 455 491 325 284 420 639 424 548 560 611 665 240 102 501 223 681 589 502 662 187 241 594 530 475 190 269 278 743 433 780 647 393 606 140 609 768 665 726 840 691 529 593 607 207 324 567 300 604 539 639 694 179 678 644 768 180 392 636 505 499 352 148 274 441 639 118 277 267
735 924 382 377 887 390 1054 750 253 279 842 434 546 481 608 648 0 743 217 220 479 975 877 1182 1231 227 187 314 971 979 679 345 272 997 973 674 290 73 1035 1095 1015 1123 1188 886 747 164 524 958 482 161 845 772 436 135 1124 187 624 624 426 738 894 677 580 624 856 585 568 901 714 109 866 54 137 209 455 555 386 259 372 899 865 449 874 695 451 565 603 678 866 804 744 150 399 499 416 1062 574 545 432 899
87 1207 463 376 608 679 785 141 495 583 675 313 287 265 168 830 743 0 862 528 276 637 1124 843 909 516 684 843 997 528 947 400 551 745 1040 581 854 809 933 855 687 820 876 948 863 778 613 457 290 774 324 775 648 843 953 775 648 1029 865 109 653 66 196 448 401 901 230 280 189 843 160 788 779 535 301 933 867 492 636 460 490 297 324 997 292 206 143 992 1218 305 398 693 910 755 845 973 205 829 600 903
834 730 421 487 852 304 994 835 420 291 780 580 613 620 705 512 217 862 0 347 585 944 693 1130 1170 381 178 128 836 980 509 470 314 938 828 626 94 165 929 1022 976 1066 1128 750 614 84 462 977 575 88 887 670 363 97 1029 87 549 424 246 831 846 795 675 622 877 415 653 963 787 242 959 231 94 348 560 371 199 376 314 908 861 567 919 514 583 662 733 496 663 847 758 170 197 376 243 950 668 395 383 778
516 915 191 157 708 314 887 530 92 158 683 232 328 275 387 576 220 528 347 0 259 791 851 1006 1060 52 185 371 875 776 646 128 121 830 891 515 368 282 907 936 834 952 1018 796 663 263 393 749 261 258 630 653 335 315 983 267 491 647 444 518 723 462 359 436 647 562 348 682 494 328 646 271 257 19 235 559 423 39 276 694 667 231 658 678 240 345 392 664 882 589 542 178 456 435 427 939 353 502 308 792
256 997 201 102 564 423 753 273 250 309 581 116 118 101 128 621 479 276 585 259 0 629 919 851 912 258 407 570 855 576 725 135 276 701 886 436 579 541 837 814 678 808 873 789 679 502 399 532 35 498 399 621 405 569 888 498 466 782 603 259 594 210 101 310 437 665 101 433 245 584 387 528 503 269 25 686 600 221 378 493 485 41 422 771 76 86 159 762 991 360 357 416 641 518 583 874 96 594 358 762
551 824 601 682 92 640 150 496 838 697 196 745 511 720 563 548 975 637 944 791 629 0 739 222 284 823 807 844 486 147 661 724 704 125 543 318 875 1005 352 221 50 184 245 485 497 892 483 222 599 891 318 372 581 992 332 872 406 818 777 529 115 631 566 354 237 685 540 406 458 1081 540 1029 912 809 636 750 812 757 632 182 150 669 331 712 705 576 680 720 887 332 272 840 852 605 764 389 564 638 563 414
1050 87 733 880 672 537 672 1013 943 693 554 999 846 1012 965 298 877 1124 693 851 919 739 0 796 797 903 708 570 300 866 205 900 733 642 249 555 601 849 468 648 733 731 767 260 268 714 521 918 887 717 927 384 528 789 575 690 476 282 452 1033 629 1076 944 680 861 294 906 1036 953 933 1122 910 743 866 904 323 496 848 578 844 778 935 957 181 974 942 1066 198 160 907 775 740 498 418 461 460 937 349 569 332
759 872 815 903 298 826 140 703 1058 902 350 968 733 942 783 679 1182 843 1130 1006 851 222 796 0 66 1041 1008 1020 502 317 773 945 913 193 559 510 1054 1207 333 147 174 68 45 538 603 1086 671 394 821 1085 519 492 769 1187 247 1064 581 939 938 737 288 843 787 571 444 819 761 587 672 1286 728 1235 1108 1025 858 887 979 974 825 384 369 892 523 818 927 797 897 829 955 540 495 1042 1015 769 928 354 785 786 757 467
824 870 869 962 353 868 177 769 1114 951 391 1029 794 1004 846 704 1231 909 1170 1060 912 284 797 66 0 1096 1054 1057 498 383 791 1003 964 234 553 557 1091 1253 329 157 234 108 42 544 622 1130 714 460 881 1129 585 518 811 1230 228 1107 621 958 970 803 337 908 850 626 510 843 824 653 737 1333 794 1284 1153 1079 919 911 1012 1029 869 450 433 952 589 834 988 860 962 846 957 606 556 1089 1047 804 961 343 847 815 803 475
512 967 230 160 743 366 924 531 42 210 724 208 343 254 386 628 227 516 381 52 258 823 903 1041 1096 0 229 416 924 800 698 122 172 868 941 556 410 295 952 975 867 988 1054 845 713 299 441 769 267 294 645 700 386 338 1025 306 538 697 494 516 760 450 360 469 668 614 354 689 501 328 642 272 288 38 235 610 471 68 328 717 694 224 671 730 223 345 375 716 933 603 567 217 502 487 477 985 354 554 358 840
655 763 247 311 717 202 876 657 271 119 662 411 436 449 526 463 187 684 178 185 407 807 708 1008 1054 229 0 186 784 827 505 298 136 819 789 497 183 199 848 914 844 946 1011 700 561 98 341 816 396 95 718 585 250 188 938 90 439 477 272 653 720 617 497 467 714 414 474 790 611 280 781 235 109 191 382 396 244 207 187 750 709 391 749 528 410 484 558 512 718 677 597 36 273 314 257 875 489 366 251 712
803 611 382 482 751 208 882 796 458 260 671 591 573 625 678 385 314 843 128 371 570 844 570 1020 1057 416 186 0 708 894 381 476 296 827 699 526 35 279 805 906 872 954 1016 622 487 149 363 899 553 153 822 549 266 220 907 128 441 310 118 797 741 778 649 543 802 287 620 908 743 363 921 342 176 378 546 246 74 389 233 826 774 561 855 389 585 638 727 371 552 784 682 204 88 255 114 825 641 267 297 652
913 371 709 850 442 583 389 867 958 724 336 958 755 956 861 325 971 997 836 875 855 486 300 502 498 924 784 708 0 627 350 881 755 371 58 424 743 965 169 355 467 440 470 85 224 826 484 692 820 828 738 234 545 919 275 801 394 508 595 894 393 963 847 559 660 432 810 845 810 1052 955 1015 855 894 848 494 643 859 609 628 565 883 763 376 924 850 976 393 460 729 607 821 664 472 594 160 841 440 567 94
445 952 596 647 193 685 290 390 809 709 311 689 464 656 486 645 979 528 980 776 576 147 866 317 383 800 827 894 627 0 765 690 708 272 683 379 922 1018 499 360 184 304 353 619 611 919 533 79 551 917 204 486 627 1015 476 901 478 913 843 424 238 533 496 360 140 775 478 271 366 1088 411 1033 935 793 588 836 873 740 667 83 119 618 206 819 648 509 594 824 1008 231 235 856 916 674 828 536 496 720 599 550
878 273 534 679 579 331 635 847 738 488 465 799 663 815 783 124 679 947 509 646 725 661 205 773 791 698 505 381 350 765 0 697 528 592 328 409 415 657 485 634 669 704 754 270 170 519 334 804 694 522 787 290 326 601 596 494 314 167 263 863 545 894 760 516 731 94 722 893 786 742 962 715 548 661 709 146 310 643 373 727 661 738 819 54 776 756 877 58 271 760 630 538 322 214 268 493 752 143 369 323
390 970 172 42 649 371 836 408 119 226 645 114 226 150 264 609 345 400 470 128 135 724 900 945 1003 122 298 476 881 690 697 0 185 781 904 484 479 409 888 891 771 896 962 807 683 386 399 653 145 381 526 649 371 443 952 386 486 726 531 394 672 333 237 379 554 623 232 567 378 450 521 393 383 136 113 632 519 94 326 606 589 103 551 736 112 222 264 725 950 485 460 300 556 483 512 923 231 556 332 792
519 799 114 186 617 196 788 521 210 41 579 299 300 330 391 455 272 551 314 121 276 704 733 913 964 172 136 296 755 708 528 185 0 731 770 410 303 311 792 833 744 856 922 675 541 234 276 691 262 231 586 535 214 317 872 226 376 542 345 517 626 485 361 352 589 447 338 655 474 380 644 326 242 138 251 450 334 115 155 629 593 265 617 562 290 349 431 550 771 545 474 155 372 316 327 824 354 384 188 673
657 725 638 740 139 634 57 603 888 717 157 817 583 798 653 491 997 745 938 830 701 125 642 193 234 868 819 827 371 272 592 781 731 0 429 322 861 1018 228 113 96 127 192 383 423 895 479 347 668 895 434 305 577 996 211 873 388 756 746 635 108 731 651 401 351 631 621 527 559 1098 658 1049 918 849 704 699 786 800 634 301 256 739 450 640 777 659 772 650 797 442 358 854 822 576 735 264 648 595 568 310
957 317 732 875 496 590 447 912 976 736 388 986 790 987 899 325 973 1040 828 891 886 543 249 559 553 941 789 699 58 683 328 904 770 429 0 461 734 963 226 412 525 498 526 97 229 824 505 747 851 826 788 267 556 914 327 799 421 478 583 938 447 1003 884 597 712 416 846 896 854 1050 1003 1016 853 909 877 474 631 877 619 681 618 912 814 347 953 885 1012 365 410 778 653 825 649 474 584 212 877 433 583 139
501 642 326 447 225 322 379 461 581 394 169 545 332 538 438 284 674 581 626 515 436 318 555 510 557 556 497 526 424 379 409 484 410 322 461 0 557 697 404 423 350 449 514 367 288 577 164 403 401 576 378 194 263 677 469 556 100 542 465 483 222 542 423 136 323 402 386 485 401 776 566 727 599 534 431 460 498 488 315 326 263 467 410 463 508 426 552 465 673 353 222 532 539 295 451 440 417 342 247 329
817 640 396 488 782 237 916 812 452 271 704 593 588 629 691 420 290 854 94 368 579 875 601 1054 1091 410 183 35 743 922 415 479 303 861 734 557 0 250 840 941 904 988 1050 657 522 127 393 925 564 132 845 584 295 188 942 110 473 335 152 812 773 788 661 569 827 321 634 928 760 332 937 314 153 373 554 277 105 389 257 853 802 567 878 421 589 650 734 403 577 806 707 194 109 290 149 861 653 303 324 688
798 890 425 438 916 394 1075 810 324 309 862 504 599 550 669 639 73 809 165 282 541 1005 849 1207 1253 295 199 279 965 1018 657 409 311 1018 963 697 250 0 1040 1112 1043 1145 1211 879 741 139 540 1003 541 137 895 777 446 70 1134 164 637 586 397 799 919 743 640 660 900 562 626 956 771 86 927 66 110 273 516 525 353 319 385 940 902 513 925 668 518 626 670 650 826 853 786 165 358 494 389 1066 634 530 450 898
846 541 724 851 334 647 231 795 980 768 261 948 725 938 817 424 1035 933 929 907 837 352 468 333 329 952 848 805 169 499 485 888 792 228 226 404 840 1040 0 187 323 274 300 221 326 906 516 572 802 906 643 263 598 1003 111 881 416 650 702 825 285 909 808 527 561 553 774 743 744 1126 866 1083 932 926 834 619 748 884 662 518 462 870 663 521 910 814 936 535 629 642 535 885 776 553 697 39 804 542 607 161
767 725 745 851 253 722 70 713 997 816 253 930 697 911 766 548 1095 855 1022 936 814 221 648 147 157 975 914 906 355 360 634 891 833 113 412 423 941 1112 187 0 176 87 120 391 465 985 572 439 781 985 539 363 667 1086 119 962 475 801 816 746 220 843 765 512 457 687 734 626 671 1194 761 1147 1009 955 817 754 859 907 727 403 364 852 552 677 891 773 885 689 808 550 471 949 893 651 808 211 761 660 663 321
600 817 643 729 127 672 106 545 884 735 209 794 560 770 613 560 1015 687 976 834 678 50 733 174 234 867 844 872 467 184 669 771 744 96 525 350 904 1043 323 176 0 133 195 475 502 927 514 263 647 926 367 379 613 1027 291 906 432 829 800 579 132 681 616 398 286 699 589 451 508 1120 587 1068 948 853 684 765 837 801 665 229 201 718 377 719 754 626 730 727 885 381 322 878 876 628 788 358 613 656 597 403
734 809 760 855 246 762 72 678 1006 843 285 925 690 901 747 611 1123 820 1066 952 808 184 731 68 108 988 946 954 440 304 704 896 856 127 498 449 988 1145 274 87 133 0 66 472 534 1023 607 383 776 1023 497 423 705 1124 201 1001 516 870 871 712 229 815 749 518 419 751 721 575 642 1225 714 1176 1046 971 813 818 912 921 762 360 335 847 506 750 884 759 864 761 890 514 454 981 948 702 861 299 746 718 695 401
791 842 827 921 312 826 135 735 1073 909 349 989 754 965 809 665 1188 876 1128 1018 873 245 767 45 42 1054 1011 1016 470 353 754 962 922 192 526 514 1050 1211 300 120 195 66 0 511 585 1087 672 431 841 1087 552 479 769 1188 208 1065 579 921 930 769 295 874 811 585 475 805 785 624 701 1291 765 1241 1110 1037 879 873 971 987 827 416 396 912 558 798 949 822 925 810 927 571 518 1046 1006 762 920 318 809 775 760 442
866 341 635 777 427 499 412 822 880 643 312 888 694 890 804 240 886 948 750 796 789 485 260 538 544 845 700 622 85 619 270 807 675 383 97 367 657 879 221 391 475 472 511 0 139 741 408 677 754 742 707 173 463 834 332 715 324 432 510 847 380 909 789 503 633 348 751 816 764 966 918 930 769 814 780 412 558 781 527 608 543 815 735 302 856 790 917 317 417 694 567 736 579 386 509 224 782 354 487 72
786 354 511 656 420 361 465 748 749 507 303 771 594 777 710 102 747 863 614 663 679 497 268 603 622 713 561 487 224 611 170 683 541 423 229 288 522 741 326 465 502 534 585 139 0 602 284 657 645 603 659 125 327 696 435 577 216 336 378 769 383 819 691 416 595 226 652 768 688 827 854 791 630 680 667 293 425 650 390 582 515 701 690 217 741 690 816 227 397 639 507 598 450 247 375 342 684 219 356 167
752 759 345 403 801 263 952 755 338 216 738 495 534 536 623 501 164 778 84 263 502 892 714 1086 1130 299 98 149 826 919 519 386 234 895 824 577 127 139 906 985 927 1023 1087 741 602 0 415 911 493 4 815 643 318 100 1001 25 509 459 262 750 799 712 593 559 810 425 572 888 709 225 878 196 28 264 477 392 222 292 261 844 800 483 847 533 499 580 649 515 702 774 692 86 235 356 253 930 586 391 330 761
546 600 227 372 390 157 536 519 473 251 322 487 328 494 449 223 524 613 462 393 399 483 521 671 714 441 341 363 484 533 334 399 276 479 505 164 393 540 516 572 514 607 672 408 284 415 0 545 366 415 489 259 99 516 600 393 100 428 313 533 384 560 425 202 453 292 388 588 458 622 639 575 438 412 385 336 340 375 155 470 414 418 523 384 458 422 545 379 605 456 337 377 383 155 296 547 418 222 91 399
377 1005 577 611 251 691 369 323 773 697 365 641 427 605 432 681 958 457 977 749 532 222 918 394 460 769 816 899 692 79 804 653 691 347 747 403 925 1003 572 439 263 383 431 677 657 911 545 0 510 909 139 534 635 1004 553 895 503 944 858 356 300 467 445 356 102 805 431 193 306 1068 333 1012 926 765 547 863 885 711 668 77 142 574 133 858 601 458 534 861 1055 174 219 844 928 694 842 610 446 746 601 612
259 965 176 106 532 397 721 269 265 292 547 149 88 136 130 589 482 290 575 261 35 599 887 821 881 267 396 553 820 551 694 145 262 668 851 401 564 541 802 781 647 776 841 754 645 493 366 510 0 489 381 586 376 565 853 487 431 755 579 259 561 225 100 275 413 635 87 422 234 589 387 532 496 273 37 659 579 222 353 467 456 71 405 740 109 87 184 732 961 340 327 409 621 488 560 839 93 564 329 727
748 763 342 399 799 262 951 752 333 213 737 491 531 531 619 502 161 774 88 258 498 891 717 1085 1129 294 95 153 828 917 522 381 231 895 826 576 132 137 906 985 926 1023 1087 742 603 4 415 909 489 0 812 644 318 101 1001 27 509 463 265 747 799 707 589 557 807 427 568 885 706 224 875 193 26 260 472 395 225 287 260 842 798 479 844 535 494 577 645 518 705 771 689 81 239 357 256 931 582 393 328 762
240 1014 472 485 308 619 468 185 646 599 401 504 302 467 293 662 845 324 887 630 399 318 927 519 585 645 718 822 738 204 787 526 586 434 788 378 845 895 643 539 367 497 552 707 659 815 489 139 381 812 0 546 567 904 645 802 473 911 798 219 357 329 308 287 82 772 298 108 167 955 224 898 827 645 416 823 818 591 589 137 180 440 33 841 466 322 394 841 1050 41 156 742 863 644 780 682 309 706 528 649
694 471 479 617 294 383 352 651 731 508 177 724 523 722 632 187 772 775 670 653 621 372 384 492 518 700 585 549 234 486 290 649 535 305 267 194 584 777 263 363 379 423 479 173 125 643 259 534 586 644 546 0 335 742 359 619 163 451 454 675 257 736 616 330 477 327 578 655 592 862 750 820 669 671 613 394 497 633 400 460 393 648 575 340 689 618 745 348 521 529 399 622 530 294 446 290 610 297 348 142
591 599 208 353 489 58 633 571 423 180 419 473 361 490 480 241 436 648 363 335 405 581 528 769 811 386 250 266 545 627 326 371 214 577 556 263 295 446 598 667 613 705 769 463 327 318 99 635 376 318 567 335 0 419 688 296 191 381 231 580 483 589 453 282 539 260 418 661 513 530 695 486 342 353 386 285 251 325 65 561 508 414 601 368 450 446 561 358 586 531 420 287 295 113 213 626 445 189 48 466
824 827 431 467 900 363 1052 832 371 307 838 545 615 589 695 594 135 843 97 315 569 992 789 1187 1230 338 188 220 919 1015 601 443 317 996 914 677 188 70 1003 1086 1027 1124 1188 834 696 100 516 1004 565 101 904 742 419 0 1100 123 610 521 338 824 900 776 665 655 902 506 648 972 789 144 953 137 79 310 544 465 293 350 361 939 897 545 934 609 555 652 707 591 760 863 785 162 294 452 333 1027 659 480 429 857
866 645 795 914 345 739 185 812 1051 851 307 1002 772 987 853 530 1124 953 1029 983 888 332 575 247 228 1025 938 907 275 476 596 952 872 211 327 469 942 1134 111 119 291 201 208 332 435 1001 600 553 853 1001 645 359 688 1100 0 977 500 762 807 844 302 936 848 579 562 662 815 737 766 1218 869 1174 1027 1002 888 729 852 957 751 512 466 923 661 633 963 855 973 647 736 652 561 975 882 653 801 115 844 647 692 272
746 736 334 401 780 239 930 747 346 204 715 497 525 537 617 475 187 775 87 267 498 872 690 1064 1107 306 90 128 801 901 494 386 226 873 799 556 110 164 881 962 906 1001 1065 715 577 25 393 895 487 27 802 619 296 123 977 0 486 437 238 743 778 708 587 541 794 400 565 877 700 251 871 220 54 270 473 368 199 293 240 827 782 481 833 508 499 575 648 491 680 761 675 88 215 331 229 905 580 365 309 736
573 560 316 455 314 247 444 538 568 351 230 564 377 566 493 190 624 648 549 491 466 406 476 581 621 538 439 441 394 478 314 486 376 388 421 100 473 637 416 475 432 516 579 324 216 509 100 503 431 509 473 163 191 610 500 486 0 442 370 557 300 602 474 204 422 302 436 579 477 720 650 674 533 510 456 359 406 470 252 426 364 491 506 368 532 474 600 368 582 446 316 476 446 199 357 448 467 242 192 305
969 307 581 717 732 359 801 946 739 500 622 836 742 860 861 269 624 1029 424 647 782 818 282 939 958 697 477 310 508 913 167 726 542 756 478 542 335 586 650 801 829 870 921 432 336 459 428 944 755 463 911 451 381 521 762 437 442 0 205 957 703 971 835 628 864 139 799 1014 886 666 1067 650 486 659 762 96 238 654 405 867 803 787 944 131 820 828 940 115 242 880 755 503 227 275 220 657 826 206 429 489
814 497 403 527 684 187 798 799 536 304 593 644 581 672 696 278 426 865 246 444 603 777 452 938 970 494 272 118 595 843 263 531 345 746 583 465 152 397 702 816 800 871 930 510 378 262 313 858 579 265 798 454 231 338 807 238 370 205 0 805 668 802 668 511 766 169 635 892 742 481 923 458 291 455 580 129 47 454 229 783 725 601 832 271 631 659 762 253 446 762 648 299 76 172 19 719 660 159 275 545
21 1118 415 361 499 617 676 33 504 543 568 333 224 288 130 743 738 109 831 518 259 529 1033 737 803 516 653 797 894 424 863 394 517 635 938 483 812 799 825 746 579 712 769 847 769 750 533 356 259 747 219 675 580 824 844 743 557 957 805 0 544 112 159 353 293 825 178 197 83 844 128 787 755 528 283 863 813 480 577 353 381 292 224 915 302 173 187 911 1135 197 290 667 857 682 786 865 165 754 533 800
565 715 532 632 50 542 163 513 780 614 80 710 477 692 551 433 894 653 846 723 594 115 629 288 337 760 720 741 393 238 545 672 626 108 447 222 773 919 285 220 132 229 295 380 383 799 384 300 561 799 357 257 483 900 302 778 300 703 668 544 0 634 547 293 275 571 516 459 465 998 581 947 821 742 597 636 705 693 538 236 177 632 378 597 670 555 671 604 775 357 258 754 744 496 656 325 544 525 470 312
93 1158 400 309 592 618 775 144 430 518 648 249 231 201 111 780 677 66 795 462 210 631 1076 843 908 450 617 778 963 533 894 333 485 731 1003 542 788 743 909 843 681 815 874 909 819 712 560 467 225 707 329 736 589 776 936 708 602 971 802 112 634 0 136 406 399 845 172 307 172 778 208 722 712 469 235 875 804 426 574 459 480 230 335 944 226 143 84 937 1165 303 376 626 846 698 783 948 144 773 541 869
159 1025 267 202 511 482 700 171 351 390 548 196 97 160 29 647 580 196 675 359 101 566 944 787 850 360 497 649 847 496 760 237 361 651 884 423 661 640 808 765 616 749 811 789 691 593 425 445 100 589 308 616 453 665 848 587 474 835 668 159 547 136 0 288 355 709 38 332 146 686 287 629 597 370 124 739 671 321 439 414 417 138 327 808 158 15 129 802 1029 270 294 509 714 562 648 847 8 637 405 753
370 765 246 338 273 336 457 333 487 350 272 423 199 411 302 393 624 448 622 436 310 354 680 571 626 469 467 543 559 360 516 379 352 401 597 136 569 660 527 512 398 518 585 503 416 559 202 356 275 557 287 330 282 655 579 541 204 628 511 353 293 406 288 0 258 489 251 386 272 732 446 678 575 454 309 537 533 403 311 286 242 344 321 569 384 291 417 567 786 254 138 497 577 357 493 565 282 421 245 465
315 948 475 512 226 594 387 259 674 595 324 548 328 516 346 606 856 401 877 647 437 237 861 444 510 668 714 802 660 140 731 554 589 351 712 323 827 900 561 457 286 419 475 633 595 810 453 102 413 807 82 477 539 902 562 794 422 864 766 293 275 399 355 258 0 724 338 184 228 965 307 910 824 664 450 779 791 610 569 60 98 479 103 785 508 368 456 787 990 96 119 741 834 605 749 600 355 661 504 573
837 352 467 609 597 253 679 812 655 407 491 730 614 749 734 140 585 901 415 562 665 685 294 819 843 614 414 287 432 775 94 623 447 631 416 402 321 562 553 687 699 751 805 348 226 425 292 805 635 427 772 327 260 506 662 400 302 139 169 825 571 845 709 489 724 0 672 875 751 648 931 621 453 577 646 67 216 563 297 728 664 674 805 115 709 703 820 102 327 742 615 446 232 147 173 566 701 71 306 392
182 987 238 193 481 449 671 184 350 364 514 210 59 180 61 609 568 230 653 348 101 540 906 761 824 354 474 620 810 478 722 232 338 621 846 386 634 626 774 734 589 721 785 751 652 572 388 431 87 568 298 578 418 648 815 565 436 799 635 178 516 172 38 251 338 672 0 335 147 676 306 619 577 360 119 703 640 309 406 395 392 142 320 771 170 40 166 765 992 258 267 489 683 526 616 812 31 600 370 715
213 1123 543 529 409 709 556 169 683 672 508 523 357 480 309 768 901 280 963 682 433 406 1036 587 653 689 790 908 845 271 893 567 655 527 896 485 928 956 743 626 451 575 624 816 768 888 588 193 422 885 108 655 661 972 737 877 579 1014 892 197 459 307 332 386 184 875 335 0 188 1010 141 953 897 695 454 924 909 643 676 226 281 471 81 947 488 347 385 947 1158 133 263 810 954 744 874 782 336 808 618 757
102 1038 366 340 421 554 602 61 495 496 485 342 174 302 127 665 714 189 787 494 245 458 953 672 737 501 611 743 810 366 786 378 474 559 854 401 760 771 744 671 508 642 701 764 688 709 458 306 234 706 167 592 513 789 766 700 477 886 742 83 465 172 146 272 228 751 147 188 0 822 182 766 716 507 265 792 753 455 516 288 308 284 182 838 305 161 228 835 1057 134 209 629 797 610 723 784 149 681 467 717
840 972 491 483 992 479 1156 857 348 384 943 532 655 579 713 726 109 843 242 328 584 1081 933 1286 1333 328 280 363 1052 1088 742 450 380 1098 1050 776 332 86 1126 1194 1120 1225 1291 966 827 225 622 1068 589 224 955 862 530 144 1218 251 720 666 481 844 998 778 686 732 965 648 676 1010 822 0 971 56 197 315 561 609 436 367 467 1008 973 552 983 752 551 671 701 734 905 913 853 244 439 580 474 1152 680 617 531 985
130 1208 541 489 532 736 690 125 628 669 620 453 348 406 258 840 866 160 959 646 387 540 1122 728 794 642 781 921 955 411 962 521 644 658 1003 566 937 927 866 761 587 714 765 918 854 878 639 333 387 875 224 750 695 953 869 871 650 1067 923 128 581 208 287 446 307 931 306 141 182 971 0 914 883 656 411 973 934 608 697 358 405 418 209 1015 424 301 292 1013 1232 226 351 795 978 791 904 906 294 861 649 864
784 953 436 427 941 437 1106 800 294 333 894 477 598 524 657 691 54 788 231 271 528 1029 910 1235 1284 272 235 342 1015 1033 715 393 326 1049 1016 727 314 66 1083 1147 1068 1176 1241 930 791 196 575 1012 532 193 898 820 486 137 1174 220 674 650 458 787 947 722 629 678 910 621 619 953 766 56 914 0 167 259 504 587 415 310 422 953 919 496 927 728 496 614 647 711 892 857 798 198 423 543 449 1110 623 585 483 945
756 788 355 402 821 287 975 761 326 228 761 490 542 532 626 529 137 779 94 257 503 912 743 1108 1153 288 109 176 855 935 548 383 242 918 853 599 153 110 932 1009 948 1046 1110 769 630 28 438 926 496 26 827 669 342 79 1027 54 533 486 291 755 821 712 597 575 824 453 577 897 716 197 883 167 0 256 478 420 249 288 283 859 817 482 858 561 495 583 647 544 729 786 706 87 262 383 282 957 589 420 351 789
525 929 210 167 727 330 906 541 80 174 702 234 343 278 398 593 209 535 348 19 269 809 866 1025 1079 38 191 378 894 793 661 136 138 849 909 534 373 273 926 955 853 971 1037 814 680 264 412 765 273 260 645 671 353 310 1002 270 510 659 455 528 742 469 370 454 664 577 360 695 507 315 656 259 256 0 245 571 433 54 293 711 685 239 672 692 245 355 398 679 895 604 559 181 464 451 438 958 364 517 326 811
281 981 180 78 568 402 758 296 230 285 581 114 125 109 152 607 455 301 560 235 25 636 904 858 919 235 382 546 848 588 709 113 251 704 877 431 554 516 834 817 684 813 879 780 667 477 385 547 37 472 416 613 386 544 888 473 456 762 580 283 597 235 124 309 450 646 119 454 265 561 411 504 478 245 0 666 577 196 357 505 494 35 440 753 76 110 182 744 973 376 365 391 618 500 561 871 119 575 340 755
874 368 486 623 661 264 747 851 651 409 556 742 646 765 765 207 555 933 371 559 686 750 323 887 911 610 396 246 494 836 146 632 450 699 474 460 277 525 619 754 765 818 873 412 293 392 336 863 659 395 823 394 285 465 729 368 359 96 129 863 636 875 739 537 779 67 703 924 792 609 973 587 420 571 666 0 172 564 310 786 723 691 856 143 725 732 844 125 323 791 667 425 178 181 140 631 730 117 333 458
821 538 404 519 720 200 839 809 514 294 632 633 588 664 700 324 386 867 199 423 600 812 496 979 1012 471 244 74 643 873 310 519 334 786 631 498 105 353 748 859 837 912 971 558 425 222 340 885 579 225 818 497 251 293 852 199 406 238 47 813 705 804 671 533 791 216 640 909 753 436 934 415 249 433 577 172 0 437 236 810 754 596 852 315 623 661 759 297 480 782 672 267 44 209 51 766 663 206 291 592
478 914 162 118 676 311 857 491 99 156 655 204 289 244 349 567 259 492 376 39 221 757 848 974 1029 68 207 389 859 740 643 94 115 800 877 488 389 319 884 907 801 921 987 781 650 292 375 711 222 287 591 633 325 350 957 293 470 654 454 480 693 426 321 403 610 563 309 643 455 367 608 310 288 54 196 564 437 0 270 657 632 195 619 678 206 306 358 665 886 550 505 206 472 430 436 917 314 500 293 774
585 646 177 313 539 45 691 572 366 118 477 433 353 455 467 300 372 636 314 276 378 632 578 825 869 328 187 233 609 667 373 326 155 634 619 315 257 385 662 727 665 762 827 527 390 261 155 668 353 260 589 400 65 361 751 240 252 405 229 577 538 574 439 311 569 297 406 676 516 467 697 422 283 293 357 310 236 270 0 596 547 381 622 410 415 430 537 399 624 550 449 223 280 160 209 691 431 231 69 531
374 932 516 564 186 618 332 319 725 632 295 605 381 574 405 604 899 460 908 694 493 182 844 384 450 717 750 826 628 83 727 606 629 301 681 326 853 940 518 403 229 360 416 608 582 844 470 77 467 842 137 460 561 939 512 827 426 867 783 353 236 459 414 286 60 728 395 226 288 1008 358 953 859 711 505 786 810 657 596 0 66 534 149 781 565 426 516 784 979 156 154 779 853 617 767 556 413 668 529 544
402 865 483 546 128 566 295 348 706 592 230 601 368 573 413 539 865 490 861 667 485 150 778 369 433 694 709 774 565 119 661 589 593 256 618 263 802 902 462 364 201 335 396 543 515 800 414 142 456 798 180 393 508 897 466 782 364 803 725 381 177 480 417 242 98 664 392 281 308 973 405 919 817 685 494 723 754 632 547 66 0 526 200 715 560 427 529 719 912 185 129 739 797 557 710 502 415 606 479 480
287 1011 206 80 603 427 792 308 213 301 616 78 158 76 163 639 449 297 567 231 41 669 935 892 952 224 391 561 883 618 738 103 265 739 912 467 567 513 870 852 718 847 912 815 701 483 418 574 71 479 440 648 414 545 923 481 491 787 601 292 632 230 138 344 479 674 142 471 284 552 418 496 482 239 35 691 596 195 381 534 526 0 462 782 41 123 167 773 1001 401 397 397 635 528 582 907 134 603 369 790
244 1045 503 510 328 652 481 190 670 630 426 524 329 485 310 694 874 324 919 658 422 331 957 523 589 671 749 855 763 206 819 551 617 450 814 410 878 925 663 552 377 506 558 735 690 847 523 133 405 844 33 575 601 934 661 833 506 944 832 224 378 335 327 321 103 805 320 81 182 983 209 927 858 672 440 856 852 619 622 149 200 462 0 874 486 342 404 874 1082 72 189 772 896 678 814 702 329 739 561 675
929 237 576 721 631 367 682 899 770 522 517 841 712 858 832 179 695 997 514 678 771 712 181 818 834 730 528 389 376 819 54 736 562 640 347 463 421 668 521 677 719 750 798 302 217 533 384 858 740 535 841 340 368 609 633 508 368 131 271 915 597 944 808 569 785 115 771 947 838 752 1015 728 561 692 753 143 315 678 410 781 715 782 874 0 819 804 924 18 221 814 684 559 320 254 279 527 800 179 413 361
294 1049 242 103 640 460 830 322 205 328 656 40 194 40 178 678 451 292 583 240 76 705 974 927 988 223 410 585 924 648 776 112 290 777 953 508 589 518 910 891 754 884 949 856 741 499 458 601 109 494 466 689 450 555 963 499 532 820 631 302 670 226 158 384 508 709 170 488 305 551 424 496 495 245 76 725 623 206 415 565 560 41 486 819 0 144 153 809 1036 427 432 412 662 564 612 948 156 639 406 832
172 1022 257 188 520 474 709 186 336 379 554 182 96 147 43 644 565 206 662 345 86 576 942 797 860 345 484 638 850 509 756 222 349 659 885 426 650 626 814 773 626 759 822 790 690 580 422 458 87 577 322 618 446 652 855 575 474 828 659 173 555 143 15 291 368 703 40 347 161 671 301 614 583 355 110 732 661 306 430 426 427 123 342 804 144 0 126 797 1025 284 304 496 704 556 640 853 12 631 399 755
172 1145 360 247 632 582 819 217 353 467 675 170 223 122 119 768 603 143 733 392 159 680 1066 897 962 375 558 727 976 594 877 264 431 772 1012 552 734 670 936 885 730 864 925 917 816 649 545 534 184 645 394 745 561 707 973 648 600 940 762 187 671 84 129 417 456 820 166 385 228 701 292 647 647 398 182 844 759 358 537 516 529 167 404 924 153 126 0 916 1144 362 414 563 800 673 743 975 135 748 513 882
925 251 566 710 637 355 693 896 757 509 524 830 705 849 826 180 678 992 496 664 762 720 198 829 846 716 512 371 393 824 58 725 550 650 365 465 403 650 535 689 727 761 810 317 227 515 379 861 732 518 841 348 358 591 647 491 368 115 253 911 604 937 802 567 787 102 765 947 835 734 1013 711 544 679 744 125 297 665 399 784 719 773 874 18 809 797 916 0 228 814 685 544 302 244 262 542 794 169 404 375
1149 108 794 937 815 579 829 1118 975 730 697 1057 933 1077 1053 392 866 1218 663 882 991 887 160 955 957 933 718 552 460 1008 271 950 771 797 410 673 577 826 629 808 885 890 927 417 397 702 605 1055 961 705 1050 521 586 760 736 680 582 242 446 1135 775 1165 1029 786 990 327 992 1158 1057 905 1232 892 729 895 973 323 480 886 624 979 912 1001 1082 221 1036 1025 1144 228 0 1026 895 745 468 473 460 620 1022 397 632 489
219 994 431 444 309 581 480 164 605 558 393 466 260 430 257 636 804 305 847 589 360 332 907 540 606 603 677 784 729 231 760 485 545 442 778 353 806 853 642 550 381 514 571 694 639 774 456 174 340 771 41 529 531 863 652 761 446 880 762 197 357 303 270 254 96 742 258 133 134 913 226 857 786 604 376 791 782 550 550 156 185 401 72 814 427 284 362 814 1026 0 131 700 826 611 744 682 271 675 490 638
311 862 362 417 218 475 406 261 577 479 277 473 239 447 295 505 744 398 758 542 357 272 775 495 556 567 597 682 607 235 630 460 474 358 653 222 707 786 535 471 322 454 518 567 507 692 337 219 327 689 156 399 420 785 561 675 316 755 648 290 258 376 294 138 119 615 267 263 209 853 351 798 706 559 365 667 672 505 449 154 129 397 189 684 432 304 414 685 895 131 0 625 716 490 631 575 292 550 384 514
668 793 269 317 750 239 911 673 258 146 698 410 454 450 539 499 150 693 170 178 416 840 740 1042 1089 217 36 204 821 856 538 300 155 854 825 532 194 165 885 949 878 981 1046 736 598 86 377 844 409 81 742 622 287 162 975 88 476 503 299 667 754 626 509 497 741 446 489 810 629 244 795 198 87 181 391 425 267 206 223 779 739 397 772 559 412 496 563 544 745 700 625 0 292 351 285 912 502 400 286 749
864 533 446 558 760 244 875 853 544 334 669 670 632 702 743 352 399 910 197 456 641 852 498 1015 1047 502 273 88 664 916 322 556 372 822 649 539 109 358 776 893 876 948 1006 579 450 235 383 928 621 239 863 530 295 294 882 215 446 227 76 857 744 846 714 577 834 232 683 954 797 439 978 423 262 464 618 178 44 472 280 853 797 635 896 320 662 704 800 302 468 826 716 292 0 248 88 792 705 234 335 618
693 487 322 466 513 121 630 670 526 277 422 587 467 604 588 148 499 755 376 435 518 605 418 769 804 487 314 255 472 674 214 483 316 576 474 295 290 494 553 651 628 702 762 386 247 356 155 694 488 357 644 294 113 452 653 331 199 275 172 682 496 698 562 357 605 147 526 744 610 580 791 543 383 451 500 181 209 430 160 617 557 528 678 254 564 556 673 244 473 611 490 351 248 0 159 575 554 75 159 405
795 509 383 508 671 168 788 780 519 286 581 625 562 653 677 274 416 845 243 427 583 764 461 928 961 477 257 114 594 828 268 512 327 735 584 451 149 389 697 808 788 861 920 509 375 253 296 842 560 256 780 446 213 333 801 229 357 220 19 786 656 783 648 493 749 173 616 874 723 474 904 449 282 438 561 140 51 436 209 767 710 582 814 279 612 640 743 262 460 744 631 285 88 159 0 715 640 155 256 541
886 529 758 887 374 673 262 835 1014 798 300 985 764 975 856 441 1062 973 950 939 874 389 460 354 343 985 875 825 160 536 493 923 824 264 212 440 861 1066 39 211 358 299 318 224 342 930 547 610 839 931 682 290 626 1027 115 905 448 657 719 865 325 948 847 565 600 566 812 782 784 1152 906 1110 957 958 871 631 766 917 691 556 502 907 702 527 948 853 975 542 620 682 575 912 792 575 715 0 842 560 637 174
166 1018 259 196 508 474 697 176 347 382 543 195 90 160 37 639 574 205 668 353 96 564 937 785 847 354 489 641 841 496 752 231 354 648 877 417 653 634 804 761 613 746 809 782 684 586 418 446 93 582 309 610 445 659 844 580 467 826 660 165 544 144 8 282 355 701 31 336 149 680 294 623 589 364 119 730 663 314 431 413 415 134 329 800 156 12 135 794 1022 271 292 502 705 554 640 842 0 629 397 747
766 414 397 541 548 188 646 741 594 344 447 661 542 679 662 118 545 829 395 502 594 638 349 786 815 554 366 267 440 720 143 556 384 595 433 342 303 530 542 660 656 718 775 354 219 391 222 746 564 393 706 297 189 480 647 365 242 206 159 754 525 773 637 421 661 71 600 808 681 617 861 585 420 517 575 117 206 500 231 668 606 603 739 179 639 631 748 169 397 675 550 400 234 75 155 560 629 0 235 386
543 643 164 310 471 91 625 525 392 160 411 430 313 445 432 277 432 600 383 308 358 563 569 757 803 358 251 297 567 599 369 332 188 568 583 247 324 450 607 663 597 695 760 487 356 330 91 601 329 328 528 348 48 429 692 309 192 429 275 533 470 541 405 245 504 306 370 618 467 531 649 483 351 326 340 333 291 293 69 529 479 369 561 413 406 399 513 404 632 490 384 286 335 159 256 637 397 235 0 485
820 414 621 759 360 509 339 774 872 644 249 866 661 863 767 267 899 903 778 792 762 414 332 467 475 840 712 652 94 550 323 792 673 310 139 329 688 898 161 321 403 401 442 72 167 761 399 612 727 762 649 142 466 857 272 736 305 489 545 800 312 869 753 465 573 392 715 757 717 985 864 945 789 811 755 458 592 774 531 544 480 790 675 361 832 755 882 375 489 638 514 749 618 405 541 174 747 386 485 0
